,0,1,2,3,4,5,6,7,8,9,10,11,12,13,14,15,16,17,18,19,20,21,22,23,24,25,26,27,28,29
0,-98.73831845880387,-99.19207844831452,-100.00018787291592,-100.26548747516517,-98.91455851862034,-100.11569594980992,-101.03953487526937,-101.23388447989308,-98.98087302998448,-100.07860565589112,-101.60676419575935,-99.41355972682616,-103.39595715709027,-103.89544436407647,-97.49308518008628,-100.02680234444294,-99.97683542735386,-100.70299916650913,-98.02255586415488,-98.05390636717007,-100.83710116759963,-98.48426688287003,-98.4305345365941,-100.31369696319538,-98.75876692268832,-98.80797517005267,-100.15556528631541,-102.09349386854694,-97.90436306855035,-103.2039997851397
1,-98.31260432249013,-97.55019839334867,-98.94754840418227,-100.00072567996796,-100.71621152608482,-99.47025009302048,-101.28406333198302,-101.94928103237625,-93.35805846916955,-102.75185451335658,-101.17295018012348,-98.40881320699515,-103.50122307546894,-104.8742375754241,-98.17033478839882,-104.60212001159486,-99.31625952257468,-97.98613242116924,-98.46263387750749,-98.0528474751293,-99.45765636101534,-100.38799574591201,-99.79681882885707,-99.23323262145534,-101.7563205990373,-96.33726796855946,-99.39741745146016,-100.80181960403098,-100.26069594632989,-105.41400968243624
2,-96.5123570961193,-97.11117416128144,-98.89794011978108,-100.02907379756435,-99.80647359037434,-95.54791392417475,-100.74669783950898,-102.0946070680913,-92.42664367984511,-102.00331015887991,-101.56313366969276,-97.63068031394823,-103.86661435883723,-106.24269719022531,-97.3407641873076,-103.99728322000763,-98.0307813303566,-98.91418879068972,-99.27972338282005,-97.45285560415664,-98.60381385120199,-100.99118075433314,-99.85628372060738,-99.59552096855961,-102.4573873789518,-96.79392093728417,-98.51597775653865,-101.88653704960207,-102.2988119772574,-106.17118404001086
3,-98.06687144808451,-97.24285884126186,-98.73402363783292,-100.10361429705667,-101.72393146793507,-95.4302469607401,-101.42921455552661,-102.64039514566994,-93.60060506264007,-101.13597267322996,-100.4305700774383,-99.25592751543873,-104.84109335122679,-106.34222108540065,-97.081046056869,-103.04937939324273,-99.5036824168773,-100.83969592240234,-98.23890075965488,-96.76601623153338,-98.86358331897843,-102.27629716521892,-100.77762096778488,-100.32292861834921,-102.58037725598399,-98.35421255759324,-98.2290793090139,-99.82928368475314,-103.48858860002183,-106.53213818788963
4,-99.20414223059048,-95.72492355330371,-99.21664102585248,-99.8099564671351,-101.83945584586405,-96.37274820576789,-102.28227748373081,-103.52362576380752,-92.46685970881178,-103.11156114832767,-99.57231041368925,-101.08137026052235,-108.28875798929441,-105.97254151011569,-97.54301404119745,-103.0356634064254,-101.88754680625858,-98.65604415327633,-96.2859628516446,-97.1012254537175,-100.17973916891005,-101.43925498581717,-102.13134985660874,-101.62770196693815,-100.63513509067705,-96.81280228096553,-97.75375673995399,-99.03224473095081,-104.76584629373316,-107.87983722516773
5,-98.89595305515964,-95.13730525488275,-100.32100169030089,-97.6553270032412,-101.2268583188466,-95.81959133409264,-102.85229755693214,-102.84102851340036,-93.96427514127227,-103.2374916267158,-99.15740346335127,-100.94714282631324,-107.2390641156766,-107.02719732813611,-98.38278099967775,-102.60063160426618,-101.03247093678534,-96.98217210525344,-94.61303280439947,-96.3395790842344,-101.24686932516903,-101.5545867066983,-101.78159919622608,-102.20876142598024,-99.69417095453682,-94.94254024570104,-98.20404957141746,-99.48116753603907,-104.96760836446424,-109.77178911988825
6,-100.31901914931902,-95.88860704190881,-100.15908674727811,-96.41154599722118,-101.90232117476755,-96.91931619564956,-102.7769604757699,-101.03380975606507,-93.9814413873904,-103.6115275728752,-100.29363795862004,-101.3754251826609,-106.16891258926091,-106.90451455345651,-99.00502294933406,-100.40037389844977,-99.34486010439056,-96.12412352612264,-94.4775428598884,-94.80730179723845,-101.84138564698684,-99.84607843195252,-101.10677488703884,-102.28207517075927,-99.20738129488818,-93.1863467234613,-98.44108337023971,-97.31367636240714,-105.4297582213286,-110.35032829660352
7,-100.47120228562332,-96.52203804215495,-99.14979060822833,-95.90330292600179,-101.3154423870354,-97.03005414840634,-100.84029755856974,-102.6921724281155,-92.54699312947993,-102.23516118751802,-100.79259370764122,-101.61591733201729,-106.1863990297137,-107.44190835360521,-97.11801929361609,-100.16793050669533,-99.09234548336765,-95.7958920422603,-94.60738148600475,-93.41796783233472,-103.0311725743505,-100.57056545301164,-100.72238258634094,-102.09474235996748,-100.98955227039724,-92.60738283523376,-97.56047662591037,-98.08025481860898,-104.35589996545366,-110.56835728158505
8,-98.50365266553396,-97.11044762082457,-101.45391708053833,-92.37837346944632,-99.69248484660287,-96.24919745091901,-96.6273537575341,-101.81869256542723,-92.66748295094615,-105.01807999306905,-102.52623361483204,-104.66714753004868,-106.51138000069837,-105.29845719389408,-98.76463535168921,-97.97942619034578,-99.40309455156154,-92.94130318600288,-93.53758730496372,-95.02164984373601,-104.05927364494315,-100.75172322571228,-101.56815304580326,-104.14354311930954,-101.66006602629682,-96.45531040344878,-97.98709238279211,-98.81087684264828,-102.33780017123291,-112.25625659299354
9,-99.03807744899939,-98.15880908072603,-100.52431375158916,-91.94008836995874,-102.02813053185245,-96.01697138959442,-96.41415639028273,-100.87441963662945,-93.15201422163132,-105.07219331918292,-102.39219969314401,-104.59517221159093,-105.77428977572966,-104.63460789933349,-98.6294075601985,-97.91023412733904,-99.30850588591576,-94.02426020650836,-91.51995474393448,-94.1061198602939,-105.17736968796308,-102.20213981583125,-101.77764529983286,-103.8503601273154,-101.96798745569261,-97.41399790897388,-98.0387169911889,-99.74203207951436,-101.57141569486276,-112.54719331228875
10,-98.9292396151864,-98.63082673061773,-100.8159185740255,-92.22706600962054,-102.05972870852354,-95.72888284154737,-98.51044499710817,-99.91817554324263,-93.03174602949761,-104.5076524186754,-102.1193398117091,-105.07908715330208,-105.03733918083233,-106.29845151276578,-99.24136298842737,-95.85754752443879,-98.96178042897175,-92.91826998701579,-91.70489972220027,-94.62758262724267,-103.57220989267577,-102.2650075178985,-101.4660080122964,-105.84455517832582,-101.0714153645567,-96.23306088115243,-97.98007963640714,-100.32439500824545,-102.06024524371846,-111.75967480342118
11,-97.8972015985412,-100.32142258833133,-101.76950419616759,-91.44120254172203,-103.11462554476414,-96.42670731060394,-98.9616968782661,-98.10457223208358,-91.55142719024137,-104.69237684833998,-100.38533023107594,-106.71143509814918,-105.50746606784342,-107.65948274141563,-100.40439200579475,-95.78503198121834,-95.8600993792597,-90.72251060680317,-92.99439699604044,-93.88285469092686,-103.61069832224214,-100.76887155800816,-102.8896145504674,-104.25225295583687,-101.45809113058759,-92.07086494030773,-95.61070931783001,-98.42056869553986,-99.91985642429376,-111.79835169934796
12,-95.58529078272781,-101.35059991960546,-101.5712007744173,-91.65746621892681,-102.30869153276072,-95.0061937191025,-97.13728764590806,-99.25448922007408,-92.74844028911428,-103.25590281538707,-102.23843527529253,-105.76775828724817,-102.02175691805915,-109.04042271789456,-98.00130436449086,-94.20036814592515,-95.19175872645557,-90.97669542437586,-94.1523611208232,-90.33446657631508,-106.83437807265305,-101.63755156186915,-106.08558808277033,-107.93683658034905,-103.06935954589429,-91.89447363522046,-92.58629084454796,-100.43913517378621,-101.26911728890516,-112.29407993075918
13,-96.14889838129284,-99.28062296166199,-103.80541843475903,-89.5703458212141,-102.17735348482806,-97.26655108770784,-94.28921125956704,-99.66735981130978,-92.88271439811827,-101.90075583207833,-104.83471487390041,-107.48539328640396,-104.08556148727656,-111.77629379673272,-97.74953093926483,-91.72989705923969,-92.28026038753309,-90.95700908335576,-94.31505945935048,-87.35319174406388,-106.61186200909727,-102.28890534877978,-105.76050004080646,-103.99686537866974,-101.94760640092866,-89.6415653872079,-88.83128532000663,-100.32879000291825,-103.13110431999472,-112.68892800651362
14,-95.4197249375657,-99.91204032924573,-103.61464523203769,-90.1472386189728,-102.6617828746369,-96.81154935091212,-93.33556950173713,-100.64347343148918,-93.30331867218001,-103.6058130142288,-103.05797142555494,-108.1407865666256,-106.34727231566727,-109.63167510781246,-98.06230764036766,-90.51217485116914,-92.84750393904388,-89.9375139057549,-94.16936580189358,-87.21707716798915,-108.26908229405393,-101.08877376553934,-105.87084976170968,-103.32832241694625,-99.72203896154623,-89.91948983826556,-87.50714294900453,-98.12505615926175,-102.54410598566409,-116.19028361785645
15,-94.70999116372673,-101.27644888462815,-103.69186356315733,-90.97042589560498,-102.80906571759643,-98.64144437340397,-94.00549581837004,-100.38049411947365,-93.07989409801239,-104.71540474147889,-101.97121283759995,-107.09638451851788,-107.34451848748891,-110.04242493818609,-97.2894571806728,-89.81980398269783,-91.95637577225087,-90.68948947099521,-92.87420739063558,-87.89352714578008,-107.89402943514938,-102.07145725046688,-104.8466665890663,-103.31675670809925,-101.75111154954243,-88.48584853971316,-87.72175608660267,-97.86326249427042,-102.80651919739448,-116.15239682667128
16,-95.96047384091543,-101.04119509374682,-101.64074600082267,-90.66242172413713,-101.70474188869305,-99.7549136863079,-95.48015567584338,-101.07909845059226,-92.7001889163486,-103.7106518220358,-101.41599712100066,-105.34306179711629,-107.660835210299,-111.23347375907407,-96.31930407352826,-90.7901573099026,-90.11627172237758,-90.22684196739466,-92.38449570992438,-88.24446105568337,-107.02491510634034,-102.78828427192997,-106.54597900479409,-102.42626504604097,-102.37227581564227,-87.60050197686726,-88.72873926112813,-96.67971635549627,-102.11312328490493,-114.65110332630131
17,-99.70067097059406,-100.19670496070528,-101.72867324687043,-90.24181061208274,-100.78744311956204,-99.07749933319269,-96.07019344567883,-103.11163973028907,-92.82071789035716,-101.79685856686763,-101.39530770638187,-108.7798435404773,-111.95600766926623,-113.94664378345213,-97.2049633993475,-90.13238952319682,-88.20945343110787,-88.71667603305998,-92.3864472146788,-87.06883452952209,-106.36044450216454,-102.28415834424123,-106.69539390454833,-101.05125389956247,-102.21611443071127,-88.33341649432722,-90.05905385221857,-92.53373153897073,-102.04246230312832,-116.59483392081245
18,-100.09775189445583,-100.52687335034192,-98.97247218443616,-91.53120787891818,-101.06338735329142,-101.31927737967531,-97.27415375976945,-102.48220605599346,-91.40646780467365,-100.43528681472645,-102.88107843142909,-108.64715900466314,-114.55910469445605,-115.15896330426263,-98.54998534096256,-91.25750508356442,-85.34886386162447,-90.4806480676377,-93.06807343062239,-84.70335063961679,-104.72367895310865,-99.79564429936984,-109.64806076365808,-98.65522807934754,-103.25277611099067,-85.372185215561,-89.85434873733367,-93.02561874888153,-101.24422451797489,-118.19653730389163
19,-100.67092796839441,-98.41671509287369,-99.41381653600438,-91.8718190216995,-104.56381543218748,-103.57915111390396,-98.32626445796487,-102.04329333800696,-93.51135810958,-104.30899151331906,-103.21189070926198,-106.42859965689723,-112.2160241287037,-114.59391634067907,-98.5489934988925,-89.10597550021643,-84.2643032324626,-90.59384151812682,-92.45862531030913,-80.90149204123824,-101.06202505776238,-100.3625064467174,-106.19781698809429,-99.94834100648632,-104.86135957934906,-85.73069942043149,-88.58515101794559,-93.09547459893834,-101.83756581923153,-121.48627778077626
20,-102.16222795505436,-98.88504350741023,-98.68705243797655,-92.90806121278698,-104.70555354707619,-102.625841235776,-98.4844365128633,-101.78485576747146,-94.64382841695483,-104.76226235130225,-102.78924062451904,-104.73542790840565,-111.08151201779395,-114.21557079020663,-97.98544917525504,-89.24284750703704,-83.90844443333721,-91.75830749197462,-92.74826828927824,-80.63073374017765,-99.99300558206768,-100.80093345173282,-105.01747435111602,-98.8589888691085,-104.65145124830873,-84.5977960610337,-88.34359194986662,-93.48319281906535,-100.62610095169768,-122.85579726134684
21,-100.64140441757041,-100.49893422180403,-99.17372101472867,-92.24888050100867,-103.9990200706977,-101.4138720226198,-99.0943787464332,-103.34138020537695,-93.195038876939,-107.52705895581352,-105.16295459174722,-103.68314137795065,-108.42057437121964,-114.26663951497696,-101.58248206023603,-88.81310115355886,-83.79208656667056,-92.67758344401368,-91.94532861202906,-79.03661129747591,-99.63351168394615,-99.21097440806076,-103.37585946205864,-99.1361830481749,-101.78376766748728,-87.13245932788338,-87.6076744025041,-91.84776609588481,-102.70196145889274,-124.15349676492141
22,-99.60373176112518,-100.28976717286079,-100.87530053055819,-93.8116895326472,-103.02633767869244,-102.03705544448687,-100.94851114905455,-102.33687464329174,-92.75689706611911,-108.30893472228891,-106.1047160322051,-102.2190643970766,-108.6475221271583,-114.45685283005034,-102.07840493796513,-89.0582130151173,-84.75979885466546,-92.45272380670194,-92.50331709254317,-80.07752021123618,-99.98334862105908,-98.33261825249937,-103.44680237287064,-99.97133410725496,-103.42594778970452,-87.10997520200858,-87.63649462465105,-91.91024347700646,-101.25943183700201,-125.28874774719742
23,-98.5186477243456,-102.51303299326766,-101.50176643715417,-96.00968016663508,-101.87803499722702,-100.58891452984591,-102.46872092625757,-105.53800170466407,-93.36426931379074,-106.07052779260384,-106.8936786958777,-106.71812774554822,-110.4926341855051,-113.9999901597358,-103.8514681117112,-87.26451629436671,-86.26614772112278,-90.89788445005742,-93.27003909592716,-76.2504718998114,-96.45600034951094,-96.53865353419884,-102.1665403470685,-97.44027754692858,-102.30323860759701,-84.51029546953446,-85.98449901040273,-90.21959323830038,-104.52117496424256,-124.88817943900635
24,-97.18038668560492,-101.68867308152406,-104.31616472417305,-95.44912882552883,-105.12539854524604,-102.33443104684919,-103.60779037487053,-103.57556557267621,-94.44004069455576,-106.41862679377392,-110.98793204675816,-104.50248775316989,-109.97854981034561,-115.44608070754981,-105.17659779017877,-90.59784740980164,-86.16603794169329,-93.91716564606517,-93.85787998510774,-77.15820259074783,-96.09507557399718,-96.17068359554652,-100.70989120574265,-94.74733168515604,-102.5171979623514,-84.3599500605407,-80.540514289684,-89.42139839325844,-103.3442641726163,-127.55347520132935
25,-97.53968780152402,-103.58970710089702,-105.53105083294874,-94.56943391926056,-103.23044785432879,-102.18981988065089,-105.19928340630203,-103.73831454235773,-96.4338065837607,-106.78476483405812,-109.33949956244314,-104.3035489765256,-108.69051023984039,-115.66414222009783,-105.98215312198546,-90.10871978718276,-87.57850185303366,-92.85697962218626,-93.57049396966009,-78.03650329167563,-96.20363164925043,-96.72209415344935,-99.54956085671786,-95.43339381119591,-101.56446843246489,-83.27844027757641,-80.66280129682231,-89.76640435367159,-103.5276714864172,-127.7217386914893
26,-98.47753222265098,-102.64029363881144,-103.38533335169045,-95.34737918954006,-104.8310142830935,-102.47899097583492,-104.83268609958654,-106.0038681785218,-96.10850718042961,-105.28454303411023,-111.50957149746483,-105.96510993430495,-110.52129508132751,-116.49841469892891,-107.54080893441119,-91.69860970705899,-88.88203296124786,-93.12200979290033,-93.25544565953761,-80.84157259797354,-93.41802272447542,-98.02574869364634,-102.35499091669385,-95.37983435364225,-102.04341963619083,-82.16391706882821,-80.43242392208643,-90.79071036589926,-103.77328488205508,-126.87492520081322
27,-101.20384148082887,-101.62062372209533,-109.25397767444211,-92.71840851657761,-101.43116987926176,-103.69199176433672,-105.02139065166396,-107.64980504880789,-94.93754162214124,-108.43178976675543,-110.71507186354164,-108.51580227086453,-110.4498940048599,-117.33571714410346,-102.70787039254334,-94.55597403235811,-92.28500773519217,-91.72094463941987,-91.66442863663467,-81.22348758276401,-93.8021560038641,-97.311765971156,-99.92522778090772,-92.91157169921804,-103.77651506641833,-81.1064785221244,-79.83317337094348,-90.67090412211756,-101.32734909927775,-128.7330045633537
28,-102.2086353544841,-102.9238047417454,-110.20725742669865,-91.48987698357855,-103.17480967791172,-104.3031128445808,-106.08625547869458,-109.10289618608257,-94.67994475341689,-109.20286832745717,-111.52285135586955,-110.70309571607537,-111.0766758244424,-115.73667453104063,-102.85620225934596,-94.56975488730552,-92.5261008751205,-90.65240076543306,-91.83643639685245,-80.01319935985106,-94.85988155050973,-96.57137943128639,-100.28908052442213,-93.12880552595824,-104.03232719357824,-80.38296923024521,-78.93774494735118,-90.75442825098135,-102.00611743741108,-129.03245752994755
29,-98.8626850851044,-103.6452364289248,-109.8156686581311,-87.02588229565698,-103.18555468114607,-108.43455909056257,-106.67453614328066,-109.12660977476229,-94.62544623965246,-112.13402869877176,-112.20309363393594,-114.99710118011994,-112.9671737344468,-117.347154306327,-103.53862862079374,-98.76399723952575,-94.2356233030046,-92.9733836916776,-90.33693415746019,-79.39575595801298,-95.49521549470705,-98.00872920280891,-100.55655265072535,-93.87393506445471,-104.00427396842501,-78.34285390082451,-79.292822952059,-93.56666435147072,-101.03832068087895,-128.3089576312519
30,-99.42948731183193,-102.82589569241205,-109.90714209881777,-86.87374650022663,-103.50867590077041,-107.01865323502612,-107.6257675351232,-109.17198385631823,-95.74031896247959,-111.3717827802283,-113.28511491384442,-114.7993437454401,-112.15658257992013,-116.44905934465001,-104.99668378319511,-98.89107018121778,-94.50258375009712,-94.78847739606563,-89.94749015063756,-79.2728938011328,-94.83102696612859,-98.46687171655523,-99.83151768951232,-93.38145053760492,-102.81221376435803,-79.01859129438668,-78.26949687648677,-93.19363745722903,-100.38874604064551,-128.35181007687552
31,-100.05164061934205,-102.62862333152704,-111.03473437719903,-85.02967968363004,-101.68006011009643,-106.98019542681422,-106.95943955113364,-109.80876419873246,-97.82562765304898,-110.56758333768569,-113.01402198806431,-115.44333138653562,-110.71652126758096,-115.08914397034908,-104.52862367625006,-99.56778955673443,-94.82236479376331,-97.4106892313664,-88.69194329101981,-79.117720258639,-92.73755904180149,-97.22690377530824,-101.04370582113683,-93.34279314799907,-102.13035288014389,-80.16338121429962,-77.27989279178078,-93.4717062076007,-101.42776419241889,-130.1729425826002
32,-99.33626974341337,-102.61411113633004,-108.269103394595,-86.47029905327537,-99.43711924739637,-104.86569041215343,-106.10041072751108,-110.64921540512867,-99.21781696961891,-111.08480153477919,-112.5822585229851,-114.93915412112284,-109.71147795588801,-115.77216973532404,-104.170557656552,-100.66238258020579,-95.87151465862783,-96.87462319540911,-86.13597838951938,-77.86415489258982,-91.94635953902035,-98.31237785575921,-100.27235253091386,-93.09122284460332,-101.26053987008865,-79.70159462263719,-76.26487948039563,-93.29470670496272,-102.92363987046704,-129.75129589815978
33,-99.96920279064949,-102.011736527148,-108.03774539244208,-85.95976236842266,-100.23181883017541,-105.62140863633847,-106.05422716184108,-110.18688706158673,-99.75414293006205,-109.98475039398906,-112.6372841192334,-116.45779406271922,-109.75903319007837,-117.30974635873801,-105.38665709803686,-99.20972554188816,-97.09718433695363,-97.02689242285912,-85.78015787952464,-80.09707107344141,-91.29908367694595,-99.21848555111819,-100.94595683120197,-92.55176517765427,-100.13869782324058,-77.91538858845769,-76.08752011956892,-92.72401086552854,-102.70845724643729,-129.7569657587505
34,-99.65871567819018,-100.91957883574126,-108.18904857272894,-84.97657057005088,-101.65332978309843,-104.59126516271243,-106.6383407306293,-111.17508281425143,-99.81590281986307,-110.71959043910299,-112.98025140118894,-117.38436236692611,-110.7361569191132,-116.39507360492105,-105.65712429287164,-99.27282496099504,-97.06276468462326,-97.8091580916469,-85.41029601891708,-78.47277241619402,-92.00385410074335,-98.40418637534957,-101.23783727606201,-93.58260123703316,-99.43578717863922,-78.67216686111283,-75.51566522461192,-92.08317444547573,-103.47781244325682,-129.7388805750402
35,-100.21341986589135,-100.46354482266261,-109.21125690698202,-86.07212962539484,-101.03551693134285,-104.9075101737108,-107.7830147459918,-111.89473457276523,-101.431641816438,-113.30713420237807,-114.34458315864352,-119.60790507434795,-110.84907822867255,-116.44982134199948,-105.38308065813604,-100.34556138020358,-96.94258617425547,-98.33239390876966,-85.11346161521556,-77.87653858276562,-92.27378368903314,-97.60987435140082,-100.89385044629378,-93.88445699033319,-100.95289204295095,-78.35554140551555,-76.41527296239312,-89.97333415264313,-101.58767689787226,-128.79064509328208
36,-100.17095167091875,-100.23095994514732,-108.21914373110009,-89.42166751217603,-101.00467647538005,-105.7509107596797,-108.6678213696614,-112.03494507269538,-103.15504026307387,-112.01015897784687,-116.4062380762746,-119.88755484635718,-109.26091038663924,-116.66743666127053,-104.23579151360154,-100.11501707211828,-97.44155909568997,-101.16212225224416,-85.12272347385266,-78.10992190097912,-91.51783769894948,-98.19048020565364,-99.76208781052561,-92.78926949193267,-101.6795585985614,-77.35183901928184,-75.94001944370234,-91.21739678129374,-101.12822981327142,-129.80874126364358
37,-100.21723851242712,-99.85235424019385,-109.3613885413948,-89.68451749043558,-100.92177318932171,-103.83602785122498,-109.81793980056972,-112.54597117804721,-102.75935219647371,-113.30238891355637,-115.81776313983715,-120.57203590497255,-110.74912782850603,-115.28599334970302,-106.28977198468739,-101.55199924960775,-97.64286883935056,-98.7458429426558,-84.83792782108661,-76.05125276312206,-91.53812801811124,-97.5334926716975,-101.00041617400677,-94.01355430197837,-101.43716888366791,-79.35850225849308,-76.28906522532245,-91.15786277120144,-103.26489251724904,-131.41559518766522
38,-102.84126746271988,-100.73047624850983,-111.43435972681681,-88.49561503036216,-98.64682386521449,-105.60107954305228,-113.20466829050963,-114.0399892222157,-103.04058178469347,-117.40706325809987,-115.6730117325641,-117.28459895973664,-112.41667938286511,-115.78312626491713,-105.943043957371,-101.18615037309574,-99.67678258930405,-97.1511397197356,-86.79421436874556,-76.94078628535519,-91.34660449213324,-97.57817970048092,-97.45466938484604,-94.9701948620331,-101.21324553800878,-78.1324554891305,-76.74472770844592,-89.15665057446586,-105.09220357266958,-130.46336732554676
39,-103.18596593818089,-99.15942789022357,-111.1438552690846,-87.15255351426357,-96.2214467176247,-106.55254368170175,-113.34022596301608,-113.24005484387995,-102.56905121234375,-118.73241889233445,-116.67285018055986,-118.1903044436425,-112.52143583385113,-117.57399415256852,-105.36781117433321,-102.38406569406501,-99.34600458186411,-95.59061510295243,-87.35411148576667,-76.1073160507574,-90.35734734503176,-97.92428992050367,-98.33664552835627,-91.86085546218231,-98.2276433753969,-79.80322696465868,-76.46733869336396,-87.76652827785367,-105.99928008595191,-129.14673989249167
40,-103.22495409857811,-97.79337147498488,-112.09881666891167,-87.55319054385768,-94.7731439403511,-107.00355931909719,-111.46751651305665,-114.14484166685551,-105.0323749409711,-118.14436188284938,-117.27028890792538,-117.74844908318416,-112.81170516811318,-117.01768405592401,-105.33874193045375,-102.45723643023116,-100.42796303931837,-96.01291153645546,-85.1236778960029,-76.2104090493908,-90.01178214646387,-99.20933368615843,-97.29905043339848,-91.95129679079558,-97.90756752037339,-80.66722494528173,-76.37239561070416,-89.1272013326463,-106.41228864345271,-129.9619617170142
41,-102.89914701804598,-97.70840872131159,-113.72123633974442,-89.67001040924768,-93.21334320859233,-104.95254087666953,-112.95965097785819,-114.57914980324732,-106.58835795059863,-118.93021540126603,-117.9900967766834,-116.19576799724258,-113.41064452816056,-117.88535269318534,-105.44130615976928,-104.35655512204204,-102.05392911237365,-95.78181808075814,-83.53567390837414,-74.4907016540927,-90.22306564705721,-98.44392506572069,-97.7294201093354,-91.60870020440021,-98.16874330713003,-79.83859799495511,-76.15891728483086,-90.15586139051612,-107.04237573696066,-131.57087287703078
42,-104.64534363032963,-98.83232366306761,-115.66194708086643,-88.86844975957165,-92.59952763290332,-104.24116780237296,-112.5947985846324,-113.16633030404319,-108.54794333964568,-120.4353337689038,-117.42422937839116,-113.75045928604139,-115.05099551028067,-117.56448059753362,-107.90331587485727,-106.03312259812134,-102.80804149724271,-98.09913830557721,-84.83522468000486,-74.61546941210365,-91.49484478404338,-97.4464326536047,-98.33577414829695,-91.76721371245705,-99.19314211919449,-79.39928170322877,-74.77354963851687,-89.45003606603247,-108.2030136042731,-133.26812707351965
43,-104.05393667933403,-98.65951677580964,-113.14300478016457,-91.22523986978176,-91.70164089958642,-104.83681246550583,-113.39084027606543,-113.05960372250861,-108.72610428319675,-118.65771984502219,-118.66014601064707,-115.3646504824679,-114.01139881468063,-117.47020211836406,-109.0566540535413,-107.67991507960186,-101.90982736119886,-99.68441586016706,-84.57112265703586,-75.90425496778694,-89.46515952500815,-98.06342728440812,-99.60255355147159,-93.21819426622926,-96.31401742001137,-78.37283522676519,-73.61041600505085,-87.56656500434093,-107.86309645237037,-134.7793124761892
44,-103.37541862313554,-98.46520371795349,-113.51450439907197,-89.5559686683081,-92.65882797130212,-103.13351246890629,-110.57975618727353,-115.21885114336298,-115.88963410446601,-119.41461968165518,-119.21924605257708,-116.78511331073348,-115.36714432709007,-120.42540946280859,-107.88804857044094,-104.27403562822694,-103.33772413355018,-98.84847784964602,-85.0920796174721,-75.04880985663247,-88.52917823310061,-97.76951271895953,-102.70041169003348,-94.74061666655334,-96.85289285097387,-81.65700430224405,-74.06497678706278,-91.72093827653508,-110.32742511687044,-135.7219858713144
45,-103.00230742628051,-97.5444635417655,-113.58231581089677,-90.12112632759944,-94.00221878572758,-102.17780188288718,-110.97164018289784,-116.18648458698223,-116.07108063714743,-118.54711198959762,-119.02821923082405,-117.05991389402529,-116.92663675965798,-121.07535082244385,-108.60881209128661,-105.39665630047621,-103.03036392456083,-99.11594968787809,-85.15577597920725,-74.61624961434889,-87.89895853502294,-98.76699836894565,-103.74299217738948,-93.53432542889995,-98.28871403031845,-79.40899451784263,-74.95132292510958,-90.54932568209456,-111.49772590886214,-134.74041400840446
46,-104.22525830155861,-96.16381858390116,-113.48146609408968,-90.05133890965594,-96.1150789266944,-103.16720098918937,-110.89382887192276,-116.36472654912762,-115.21946857660636,-119.07678067186342,-119.16736181323539,-117.19396024213025,-116.39839302269407,-119.81523170616087,-107.03925842071686,-107.61047872146104,-102.91858241678788,-100.24674580718076,-83.56089219464425,-74.11903997540253,-89.02196736885811,-97.86844745420679,-104.84281472535851,-93.16522062109215,-99.79975576735757,-78.8676678814325,-75.01403519131031,-91.54110211912813,-109.70825871969411,-135.108314998296
47,-104.31798658663669,-98.5619091961197,-114.99584094814942,-88.434940347161,-96.74074563499958,-104.83070543996193,-110.72037625183654,-117.64577170445686,-115.54545401656547,-119.15097225380758,-118.49207284774111,-119.5206391009495,-118.50064888856471,-119.49276070248854,-106.52362338445153,-107.67968239146313,-103.19692294961938,-101.20728634728333,-84.5541681206934,-73.98534474464368,-87.67531144669157,-98.8151923847242,-105.14806662185589,-93.73246728038278,-100.63482481756311,-76.53439543916893,-77.26325842419564,-91.90318849487181,-110.503674965464,-134.25138816884714
48,-103.39561193812894,-100.00513025606776,-113.82268939839321,-86.43305316970212,-98.05593680974702,-103.97304368920231,-111.51244933793996,-118.5178494147524,-114.61455252255267,-120.04488249077168,-119.06275983858066,-120.25870761337131,-115.6738469685288,-118.45113149342072,-106.53296538660074,-109.31332462363967,-103.96188482179814,-100.1468643767639,-83.97577920863156,-75.01090827315869,-87.09809959312558,-98.51938285604567,-105.74566988432578,-92.83591790570408,-99.06844987139328,-76.28986924277537,-76.22096828734398,-91.95852914077506,-110.50968090766715,-134.21616390745098
49,-106.19620939161288,-98.40966596805721,-118.96530795237067,-83.91304078103258,-98.64030105004684,-99.75172157424302,-112.88538574175955,-118.16004777023808,-116.01853896507927,-119.18427483591692,-120.32132017467868,-120.7186054199506,-117.93512171946847,-117.90445636838653,-109.79625266702826,-110.36637219982843,-105.44550709153981,-103.67388787469707,-85.60076468389788,-73.68459890142977,-87.46566728465498,-98.15343136817006,-105.67071170848341,-91.08946459340328,-100.22726459069528,-73.23166917261307,-73.54401303457232,-89.62549343222734,-109.28147759488026,-134.13515091100072
50,-104.71741261075748,-99.7042677131016,-118.33926738956018,-83.26915543347802,-97.40483448072202,-99.00430176368994,-113.03991996667143,-119.83048003036609,-114.93261298167086,-121.30027420256881,-121.21785737920203,-120.62845134698533,-118.74410512278799,-118.22997020858209,-109.36820971696406,-110.92220238932411,-106.18560248273825,-104.75754348892256,-85.09280214479571,-74.47769857756415,-86.45767036078561,-97.97663812421402,-106.09760554395831,-90.60245925621435,-100.36104652124631,-72.16364931749993,-72.96619709114817,-89.53530292100334,-109.51966748845851,-133.6420145183501
51,-102.11863156348782,-99.46972144646912,-118.10217762853857,-82.95578254481603,-96.00981187857009,-98.54376271910195,-113.61763307738151,-122.08804095736645,-114.50906558447531,-121.93335607607753,-121.26984664167377,-119.96595267108167,-121.03189324996123,-117.66328103814514,-109.79858183123427,-110.19753912373172,-108.59266286432984,-102.29242247126065,-85.69302840692806,-74.79357571636932,-84.7251744762774,-95.55707696006583,-108.61075579881668,-91.16579335546416,-100.31547474637496,-71.81184427155945,-72.60414657160747,-90.71967731265964,-108.07768125877668,-136.6290926427201
52,-104.30367473467373,-101.05547327260744,-118.23772006736385,-83.56562099265206,-96.78364751268205,-99.41907159761081,-113.77128774890522,-123.80530167000143,-114.35596002465226,-122.41291243040916,-121.71650143221052,-119.56550220481496,-122.21796652300739,-115.1856013922247,-110.17227501848683,-111.02646228006944,-108.67931691325212,-101.82822634591338,-84.7227119105983,-75.87556815581046,-84.93402041858317,-94.18300102258029,-108.07541669074814,-92.83328757629498,-101.25031438643907,-70.76470329565603,-73.18183404768978,-92.17903661632887,-109.32669864642838,-136.690796500676
53,-104.24215118875723,-101.2139315290925,-117.10422239245644,-83.54351272469165,-96.91895485161076,-99.28843497284059,-116.03205128711525,-125.1956744024633,-115.72776605211448,-121.69924732174543,-122.46509329812328,-119.29815159357351,-121.9593698528325,-115.76776429330424,-110.5574831714061,-109.2604848666677,-108.79814738508928,-100.00135121800781,-85.34099405356199,-74.57916935656242,-84.9774923874621,-93.90481573144282,-107.92137729970968,-92.3775551299603,-100.67743598387085,-70.72986562701725,-73.22578433394503,-92.07530272021503,-109.79262830753972,-136.3283345642662
54,-105.07304135403177,-100.81849431698988,-117.49594880272859,-83.4179426062058,-97.16261519868661,-99.51830009109615,-116.6317622159509,-125.69446464188412,-114.67377278028496,-121.54530292618762,-121.525575909838,-119.53609518307218,-121.58763880025496,-114.99577410161692,-110.49610514942059,-110.8428939194249,-107.98651268374081,-99.55769507627835,-84.99715073812455,-75.62233181948298,-84.38379575315568,-95.0886436045345,-108.06710665032199,-90.95301291829585,-100.24415202114567,-69.60794370831786,-74.7885584518485,-91.13894047985022,-108.80622253103581,-134.5369085225039
55,-105.01607172668668,-101.9531771717418,-117.22089159824954,-83.66710956602074,-96.64264054459977,-100.85458043098598,-116.3299945885928,-126.55519072081738,-114.33252497567773,-122.74912636230857,-123.51268472001121,-120.29078156394998,-120.57919256992479,-116.959489318576,-110.1457496778613,-110.99192377419597,-107.81997930802338,-97.75479094156636,-84.42996916202281,-75.37642717049751,-85.33369281397327,-94.04811052941082,-108.36374431026199,-88.76589403567586,-100.19864358570977,-67.42037921500118,-75.58839544629686,-92.29214993593658,-109.45266497037572,-133.9462319408094
56,-105.51500307566461,-102.87702300203962,-119.70606185719333,-85.88363003521664,-98.08907610209685,-98.0733849427336,-117.63156831799158,-128.12458423824214,-114.97432565352844,-122.78175221437174,-121.8185461563209,-121.64843562752561,-121.48986565352418,-118.08080283405916,-110.37376409872103,-106.43288073218105,-106.76422690271316,-96.69632288596497,-85.07722851794227,-74.08212962906924,-81.65713276285189,-93.4725738958523,-108.71984216277879,-85.3073984430484,-98.76146211825758,-68.23268401484081,-76.22101415998354,-90.46628250682488,-109.79608107289775,-132.68058061325883
57,-105.02625142422308,-101.71423251780848,-120.8029531220434,-87.20768546229074,-98.50706455911805,-99.13910632236872,-118.23629520264727,-129.33897396643025,-115.71896582925552,-124.8829820413551,-123.22645153238577,-122.60419276804733,-122.73123488304994,-118.48618744945585,-109.77459558003488,-105.96998299701563,-106.63832605294066,-96.48460246206574,-85.42466229429152,-73.16748534396844,-82.2609880863743,-92.72437703377747,-108.31797948633901,-83.97369226604951,-99.23188768926966,-69.32864325053278,-75.00060878418071,-90.98485122013507,-109.84114167654653,-132.53020342584844
58,-104.28236610177194,-103.50107979962222,-121.31905654479549,-85.37294643455996,-98.97359965937122,-99.42639428081388,-117.82924408427567,-128.872305724371,-115.56959765047634,-124.54990277186184,-123.47542032315572,-123.42322622879453,-122.30557315599465,-117.36233591528469,-109.92437449387522,-106.77774236990429,-105.2065454457918,-97.49065524576704,-85.07057344165511,-74.14533921378724,-81.23677149447062,-92.1011828066397,-107.10217579568395,-84.26692160951117,-99.15357046253082,-68.75136600008888,-75.17695054240079,-89.49204935883564,-109.11437746829587,-133.35995153004825
59,-104.58482919988708,-104.37775830027829,-120.52404260756394,-84.35290909974891,-98.69864024199136,-100.07755428161444,-117.56552312518585,-128.7979906579287,-116.42927309119392,-122.28633449056939,-122.28956126524413,-125.36570370430915,-121.6680610388995,-118.11319005914518,-110.81819628257472,-107.08128982337621,-105.43255267584978,-98.41499528534406,-85.6405971397295,-74.7767936348895,-80.67964667969187,-93.58090426444517,-107.71854114086139,-84.35983256705508,-98.91093493561162,-70.38264704124012,-74.50552832338428,-90.02329394055594,-109.03515394135773,-133.74351440243558
60,-102.8305522953407,-105.054156288076,-119.79957786849226,-84.9272364893544,-99.11616570172393,-99.88283909737953,-116.221487167655,-129.71227329436678,-116.97432919648341,-124.17059981210012,-123.34500977562367,-124.62261008525115,-121.62462464709262,-118.29082317363567,-112.69549016366939,-107.33164421686111,-104.77726702057217,-98.35378221609135,-85.74191646213171,-75.52925372731733,-81.32858357119979,-94.0126226061223,-109.98703925363945,-85.34649515509628,-100.12268406640825,-69.21473848643335,-74.86054869781368,-90.59229730868897,-109.18716192900379,-132.4387324950819
61,-103.39151496587914,-103.88083868977053,-117.88326566797642,-84.93103931938697,-99.9727623722297,-101.44070369322571,-113.45513645238647,-129.9864911621882,-115.88098086383935,-124.53685316160453,-124.33660671355017,-124.2859920514551,-121.70235587328581,-119.36501961044787,-112.2700776918041,-107.46970372571091,-104.97295328295394,-98.63804982941832,-86.3504684088843,-74.85752752558842,-79.42701738404485,-94.88265246397538,-110.49701545714588,-84.07587104148436,-97.34258799354316,-69.25820945404162,-74.67853533350734,-91.28071876903111,-107.35040604388239,-132.36281247890395
62,-104.26328394525335,-104.16614475599795,-118.72595582653959,-84.21738185577948,-99.74586386106765,-102.0204942003279,-114.38521766670141,-128.63064769163125,-115.73313608611215,-125.78618565248836,-124.79360058865001,-123.93442145090607,-121.8405408303833,-119.38832303114624,-113.78819438517486,-108.28503499576755,-104.83303597865986,-97.67388365984857,-87.17631698896034,-76.34856239233673,-79.91924674068774,-94.91174953230285,-109.56276620664283,-81.56994689918884,-98.95243155715102,-69.24451318547226,-74.40709924355968,-90.23945567296121,-107.32990656555127,-132.42662762002848
63,-103.82281672845885,-105.00928332982751,-118.2962369012648,-82.49142298846806,-100.1942324760163,-103.36720379210614,-114.94322742008659,-128.4006364707018,-116.78618889043639,-125.36065275685934,-125.73943417465225,-124.29811759352057,-123.00717494353388,-119.22126695874947,-113.39580975204572,-107.65836990660387,-105.12535261557568,-96.47434786463735,-87.61822481449306,-77.62174082418166,-78.69136615176664,-95.3846712041775,-110.20197179881275,-80.6914695583738,-100.12943275187541,-70.52621845501743,-74.26666462850193,-89.34810778500882,-106.36608235670774,-132.7305468630963
64,-103.47063292437733,-106.35556628241352,-119.58702161938335,-81.39489057760265,-101.82612879011641,-102.61141120141123,-113.54197925062871,-129.83256808075274,-119.09811902874414,-126.40882112905028,-125.30153406392,-124.92783138369317,-121.73189162154009,-118.09104891767572,-115.9089821937573,-107.79590096919155,-106.37507026524507,-95.84110048016703,-90.58482755933308,-75.73896133308135,-79.18748574358465,-96.59969081819638,-109.97424830941753,-81.96169850513414,-99.1308241279539,-72.10124808643766,-73.67047733064506,-89.20260165857576,-106.32823482502994,-133.4434212300603
65,-104.38893311421714,-104.8682518690878,-119.54187969685668,-82.93157606460503,-100.68929158643863,-103.66382161110019,-113.4895153354517,-131.13078582115537,-117.93096501999538,-127.98230899099102,-126.37383422401761,-125.17014739680222,-123.36034957694925,-119.14548095178627,-116.51248512883103,-105.77524167918823,-103.7643406186815,-96.48558647303636,-91.24627983563528,-74.88503567482103,-77.5803035163914,-95.5867305845759,-110.65870723971038,-82.98882215481343,-99.8769345191858,-71.65913757880872,-74.32000426528549,-91.52985895408571,-109.27855237800014,-134.3118875627556
66,-103.82674119497906,-105.05860301775456,-120.53999281971232,-83.3109850032657,-101.15693071774909,-103.63265458052646,-113.9574565193233,-132.5144411831416,-119.95181080979876,-127.99305809271522,-125.90604595078074,-125.56879053801359,-123.69149879936116,-117.33045673694515,-118.22792084527501,-105.17247812608832,-102.87961549499573,-99.10320554271566,-90.65097034832948,-73.55840870893188,-79.00874776675774,-94.86883613705929,-110.59671310148305,-84.9928780662848,-100.5572771521387,-70.51862448977812,-74.54222542815913,-90.65620967657584,-109.14071919882002,-133.4202762990278
67,-103.44442518056383,-106.13933263886261,-122.0402925550355,-82.92047580313124,-101.53427064785853,-104.60540348040972,-113.37017200015666,-131.42747897076669,-120.67400926199576,-129.12032795070314,-128.83839961042688,-126.85001270806141,-123.34204283289937,-117.40468079137868,-117.85075247135552,-104.97204990966739,-103.16283748598279,-99.62877991101446,-90.09647845724427,-71.91609112430417,-79.44366829475338,-93.99445416810438,-109.42100823554522,-85.05535409616832,-100.00949811896689,-71.36935636079026,-74.94478345326719,-89.79245765711319,-110.20426128448435,-134.3767342091013
68,-104.05221101222614,-106.18917360712831,-121.96003589937443,-81.52292036010535,-101.9909297288105,-105.08810953029791,-113.53991350469815,-131.5419442615517,-121.50877332216318,-128.9061945344469,-129.14518959849698,-126.11634681720915,-122.9617472314921,-119.4293667431879,-117.17380276034463,-104.67658199103798,-101.26219761727177,-99.94638455951632,-91.25913594667881,-71.55687878690499,-80.05426657623599,-92.11982528739189,-110.65304011489393,-84.62531167841969,-99.53543786056485,-71.63068260085085,-74.09294278462286,-90.55956923197019,-108.89290476478658,-133.89947626475632
69,-104.67909975323279,-108.2730727606947,-121.28533419008963,-82.93046194933494,-102.95195785048826,-105.14261604043135,-112.65523586216527,-130.18869495517387,-120.9924830825306,-128.4587461564639,-128.5190902096864,-125.02639649036335,-122.20985047792104,-119.43274367585911,-118.41332920062797,-104.95887170324934,-101.75911780776782,-101.23177705923086,-92.1076090767761,-71.41595891457405,-80.55794625329814,-91.60905012432185,-111.29868683343501,-84.93042997249141,-99.15748253433888,-70.25083064087663,-74.00019860804072,-89.77690474129516,-107.49065806765898,-134.97270221736352
70,-104.76167710779636,-108.91360231550632,-120.82385352198705,-83.37185718082209,-103.41092065406664,-105.42904996920777,-113.14133849404924,-128.00881634898812,-120.67091689292985,-128.16152279420928,-128.8708770388441,-124.73187483889683,-123.74071392327778,-120.89811806569587,-118.04071738899219,-105.96418703477711,-101.69684379266263,-101.859920448528,-92.8018152430488,-72.82626706132463,-80.66146282013875,-92.19594687657172,-110.35867548495058,-85.89479544948338,-99.86634367243376,-69.5475282139198,-73.37873336590894,-91.46559014258172,-105.69172246194557,-135.04611680549363
71,-105.0833557204121,-113.61274006407062,-118.21956652939714,-87.4150828278588,-103.73544352711147,-105.04168185124017,-113.74530849075708,-124.89328552452908,-123.21881687987354,-129.17612923178757,-130.4871841155708,-126.50122675779248,-122.71611816059406,-119.85093195821482,-118.16473887441867,-108.91443227128978,-101.96470179091489,-103.75471962947809,-93.97349097095771,-75.02494856222613,-81.37040887251449,-86.6034191722803,-110.73928657076806,-87.40242445111909,-100.78665518627577,-70.82624004887609,-73.18722434057253,-85.73113420285401,-104.70634168753963,-137.9892481035445
72,-106.44904783217817,-114.2931846454084,-115.82783241590627,-88.2998449285921,-103.97393547218417,-105.34024252455445,-114.48282923512141,-124.17001288632461,-120.77473362643886,-127.44883521756988,-129.11423367236347,-126.72777640238408,-120.24432600309648,-120.13510839264609,-115.29666312210581,-111.1207058615055,-102.05144104159062,-102.18542321641529,-94.33876905620957,-75.23075884333487,-82.65461258946362,-85.7990455577998,-110.43485313851058,-89.50995687614169,-100.57998044826957,-71.61841798563596,-73.68328548344472,-84.80765839564611,-105.6457660291205,-139.02542155723438
73,-106.65958513898788,-113.04271362099568,-113.07114132878854,-88.62421968034774,-101.4309361080302,-107.15741929805012,-113.24364830679664,-123.97028262985862,-122.83328082096706,-128.6686376369175,-126.02279976737132,-125.77641826539231,-120.0688800838078,-120.4128719111152,-118.27890089700631,-110.3322189201664,-100.49950566111441,-102.62601646510497,-92.95464145861703,-74.58464842009134,-84.87454420632292,-85.22257545327219,-111.41654571183135,-90.39495021377626,-98.52599271087615,-70.53725494749149,-73.81614126582876,-87.59901401560404,-107.00562836223206,-137.06945629653342
74,-105.49437033608189,-115.80442377630261,-112.55807568486685,-88.52285361306484,-102.1012572131201,-107.81347193885094,-113.1999918622343,-122.21481185209656,-123.76278597440486,-132.691974414337,-124.46237527192139,-125.22048842649852,-121.56053406265451,-121.35054582734566,-116.94689428902332,-110.40860184124519,-103.79839166082311,-101.2982030601424,-94.84472285745001,-75.72229064759837,-80.75259127344,-88.01799109175703,-111.5954131766523,-91.68624733664643,-98.80414520046017,-69.14671738824057,-75.27380228980796,-86.40592998450956,-107.25816287751624,-137.2443221346234
75,-105.93423214078167,-115.15127861698134,-111.51594232937265,-86.54661337175948,-102.68335283436642,-106.53897022203992,-112.91492200047313,-121.72298302704364,-126.19801079210485,-132.46395157002473,-123.62419916779419,-124.7750237321043,-120.23576055921646,-120.36943972063158,-117.0770151509676,-110.21287182836502,-104.9263365465096,-99.37266894321027,-94.7013892474698,-74.46988700389119,-81.10078200468594,-87.70590469512145,-112.20039445401471,-91.02454406675648,-97.90981791746168,-69.01135399949462,-74.7995819798328,-87.89889114841696,-106.79280476284819,-137.3523292136474
76,-105.6140375831133,-113.84123464731071,-114.15386170208512,-85.49093674894668,-102.86567574739811,-105.68395108961475,-115.81410351852965,-121.79711896827315,-124.36222643839298,-130.46587940258328,-125.97102481843076,-127.30001689039447,-122.01025402813578,-119.29931831556739,-116.21934741030257,-109.66679344212257,-107.05761388311824,-98.84833358280551,-94.80704024061619,-77.62351589165122,-79.03454735911677,-87.28566991394855,-111.86058391258322,-91.10350887533204,-99.60227563255884,-67.31304380074369,-75.22316600985212,-84.78471440120657,-108.64019411027463,-135.18636767785455
77,-107.27059131410488,-111.81961056911788,-114.78920561529692,-84.09931652271672,-103.77020401028761,-105.7447363464579,-116.97587907667584,-121.2039109441983,-125.08245115598655,-129.47299243734233,-126.27994159616662,-127.11475571536515,-119.50951786155564,-119.83688313115957,-113.87339355976707,-110.24485682839341,-107.44893073817441,-97.63522920755,-92.5149911156794,-77.24487730160726,-80.78265306049636,-85.69497990126273,-112.3808144966038,-90.35929267273673,-98.9791111227576,-67.78599634200565,-75.53215276166391,-86.00769770691808,-107.87982091388648,-135.99568785993893
78,-108.16061907041532,-111.3777982995608,-114.5102605336315,-85.90545717690877,-101.51296766323654,-106.00491319809622,-119.06091010866605,-119.76119505648825,-123.38121650676366,-128.3486146605448,-126.14178746082985,-129.09864168864857,-118.02923062755761,-119.35191146569534,-115.1505954598699,-112.56321926692948,-107.51377400961027,-97.25491631067966,-92.94861572547251,-78.155558725446,-80.23207383341071,-86.13959853082828,-113.30746445769863,-89.93522237048131,-98.43806713627099,-67.65569119323014,-73.14417963830098,-87.47431192552648,-107.34466062220947,-134.97143131652902
